#Task Name #Avg_Recall #Avg_Precision #Avg_F-Score
D51I  0.14078  0.55238  0.22437
D55K  0.11364  0.42453  0.17928
D33F  0.14734  0.57547  0.23462
D49I  0.1352  0.44167  0.20703
D35F  0.19118  0.60938  0.29104
D21D  0.2494  0.62651  0.35678
D47H  0.11737  0.58824  0.19569
D38G  0.11779  0.42241  0.18421
D36F  0.20327  0.696  0.31465
D10B  0.20531  0.52147  0.29463
D26E  0.1198  0.28324  0.16838
D16C  0.12028  0.66234  0.20359
D02A  0.14599  0.45113  0.22059
D18C  0.11463  0.61039  0.19302
D60K  0.23628  0.59639  0.33846
D52I  0.18707  0.58273  0.28322
D40G  0.19268  0.51634  0.28064
D58K  0.19477  0.46067  0.27379
D42G  0.18919  0.55396  0.28205
D20D  0.17986  0.67568  0.28409
D46H  0.18644  0.53846  0.27698
D48H  0.18052  0.51351  0.26714
D25E  0.08506  0.36275  0.1378
D23D  0.10287  0.5  0.17063
D01A  0.12802  0.6092  0.21158
D03A  0.12895  0.56383  0.2099
D29E  0.24402  0.6  0.34694
D17C  0.13466  0.4252  0.20455
D07B  0.08434  0.41176  0.14
D09B  0.19617  0.60294  0.29603
